[  2.89850793e-11   4.08549736e-12   2.04586461e-12   4.43623875e-12
   4.84337627e-12   5.72584641e-11   6.48974623e-12   2.45098991e-12
   1.41399305e-11   2.27460268e-11   5.99353552e-01   1.30903875e-01
   8.83675214e-02   1.06071748e-01   7.53033033e-02   2.49383031e-01
   1.17632606e-01   9.49984986e-02   1.04104374e-01   1.14278378e-01
   5.13295070e+00   8.32085928e-02   1.03472934e+01   8.34576477e-02]
[  4.84725143e-11   1.00400663e-11   2.33026419e-12   4.83358044e-12
   2.38933401e-12   1.77767533e-10   2.99877916e-11   8.94444980e-12
   1.02558692e-11   4.22940445e-12   6.11921701e-01   2.05103765e-01
   4.96545347e-02   9.09086823e-02   4.24113166e-02   2.29618333e-01
   1.74251716e-01   4.92946958e-02   1.00288706e-01   5.08612748e-02
   5.12694987e+00   9.21697326e-02   1.02677243e+01   1.40010436e-01]
[  4.94455438e-11   5.11560599e-12   1.64717196e-12   1.34429775e-12
   7.29747439e-13   8.37166451e-11   5.00866765e-12   1.73983152e-12
   1.53807737e-12   1.33960086e-12   7.40342464e-01   1.42620141e-01
   5.28294359e-02   4.19066417e-02   2.23013173e-02   1.87659121e-01
   1.20876854e-01   5.45923182e-02   4.27611884e-02   3.59906699e-02
   5.10023510e+00   9.81029591e-02   1.01743565e+01   1.68599663e-01]
[  3.27528972e-11   7.38924342e-12   2.74099498e-12   1.44980302e-12
   5.57949222e-13   1.19018611e-10   8.60296013e-12   3.02662054e-12
   2.02472636e-12   9.16153707e-13   5.49352933e-01   2.61809730e-01
   1.10466038e-01   5.70098467e-02   2.13614516e-02   2.30152581e-01
   1.67618653e-01   9.41516715e-02   5.01082270e-02   2.75053641e-02
   5.12575124e+00   8.18592315e-02   1.02590784e+01   1.23133392e-01]
[  6.78700240e-11   5.74915023e-12   3.97704673e-12   1.89223493e-11
   1.56266426e-11   1.53073667e-10   1.48705703e-11   1.87324431e-11
   1.98734049e-10   2.11466471e-10   5.80961485e-01   9.10516526e-02
   5.62143728e-02   1.68810693e-01   1.02961797e-01   2.66799641e-01
   8.26967455e-02   5.08134989e-02   1.45768790e-01   9.80496459e-02
   5.14502672e+00   8.20524444e-02   1.02822810e+01   1.00217540e-01]
[  4.34710953e-11   4.03599033e-12   2.84978700e-12   1.75598360e-12
   4.39158667e-13   1.62566922e-10   5.74282409e-12   3.12850698e-12
   2.10385940e-12   8.12546601e-13   7.10502067e-01   1.17261248e-01
   1.00153798e-01   5.87353141e-02   1.33475734e-02   2.00461831e-01
   1.07334820e-01   9.94484304e-02   5.64068716e-02   1.71871976e-02
   5.09907964e+00   9.73900797e-02   1.01617388e+01   1.47889564e-01]
[  4.90176406e-11   7.95216815e-12   1.46301874e-12   5.16606062e-12
   2.41073701e-12   7.40320875e-11   9.70046796e-12   1.74072472e-12
   1.16197931e-11   5.63723546e-12   6.74594512e-01   1.37522153e-01
   3.80713606e-02   1.03414974e-01   4.63970009e-02   1.94792450e-01
   9.09543208e-02   3.87577166e-02   1.15244718e-01   6.33674703e-02
   5.13020780e+00   7.16016253e-02   1.02769983e+01   9.74703955e-02]
[  2.47246074e-11   5.07170126e-12   7.50491033e-13   8.57878751e-13
   2.75399977e-13   7.38748513e-11   1.23567433e-11   1.17939814e-12
   1.01142737e-12   3.29154249e-13   5.98386847e-01   2.34489226e-01
   6.16234050e-02   8.14163258e-02   2.40841964e-02   2.32469149e-01
   1.69712626e-01   6.24546566e-02   8.88391127e-02   2.66595336e-02
   5.11847275e+00   9.16621321e-02   1.03043827e+01   9.91835038e-02]
[  4.73888941e-11   1.57229472e-11   4.92733492e-12   1.43454421e-11
   1.05218892e-11   7.12217293e-11   1.66054848e-11   5.64440653e-12
   1.67543818e-11   1.41153989e-11   4.53641943e-01   2.00016411e-01
   6.52460651e-02   1.64564496e-01   1.16531084e-01   2.31181517e-01
   1.47278477e-01   5.03752852e-02   1.17784006e-01   1.00640476e-01
   5.15580612e+00   6.80155671e-02   1.03071710e+01   8.81167898e-02]
[  5.82916804e-11   4.34795015e-12   9.67730929e-13   1.30826198e-12
   6.64371502e-13   8.37095102e-10   1.94082515e-11   2.86365398e-12
   4.30058554e-12   2.41562706e-12   7.32088540e-01   1.60331899e-01
   4.15167311e-02   4.73846413e-02   1.86781895e-02   1.92617077e-01
   1.44021160e-01   4.37235207e-02   4.92570463e-02   3.05159423e-02
   5.09349098e+00   1.00389636e-01   1.02669925e+01   1.14451839e-01]
[  1.12473444e-11   2.46734258e-12   2.19905196e-12   4.50427500e-12
   3.90968324e-12   2.50489224e-11   5.40442513e-12   2.72023512e-12
   1.18804754e-11   1.01552860e-11   3.63714270e-01   1.11338794e-01
   1.30957836e-01   2.22533000e-01   1.71456100e-01   2.06627534e-01
   8.35743223e-02   1.03915731e-01   1.12281306e-01   1.08473166e-01
   5.18450938e+00   4.71491660e-02   1.03544372e+01   7.28879087e-02]
[  8.52790717e-12   5.13315337e-12   1.64440913e-11   4.56211178e-12
   6.69442744e-13   2.91425238e-11   5.18568911e-12   2.22158381e-11
   3.57320758e-12   8.51771863e-13   2.41108591e-01   1.74856555e-01
   4.01176131e-01   1.59405796e-01   2.34529269e-02   1.54666559e-01
   1.23227938e-01   1.97047195e-01   8.83298297e-02   2.55495065e-02
   5.16725537e+00   5.10001147e-02   1.03336152e+01   6.30559718e-02]
[  9.94138012e-12   2.95877491e-12   1.31077989e-11   2.13940969e-12
   3.78528515e-13   1.51306246e-11   2.78128018e-12   1.72988944e-11
   1.35742679e-12   4.06450537e-13   3.33193986e-01   1.16766586e-01
   4.29968060e-01   1.01340252e-01   1.87311168e-02   2.04765522e-01
   7.78180379e-02   2.17089019e-01   6.50578267e-02   1.90559132e-02
   5.15075059e+00   5.92995481e-02   1.03004618e+01   9.17885526e-02]
[  7.54549679e-12   4.33351394e-12   1.77587138e-11   3.22874471e-12
   1.53695804e-12   1.92552363e-11   5.83409981e-12   1.82394753e-11
   2.94290176e-12   2.26394408e-12   2.15610209e-01   1.39453750e-01
   4.75327234e-01   1.13229771e-01   5.63790359e-02   1.58956932e-01
   1.04892680e-01   2.20645348e-01   7.13099654e-02   5.97536809e-02
   5.16618989e+00   5.10224371e-02   1.03195848e+01   7.03735215e-02]
[  1.09223437e-11   1.00097804e-11   1.19784096e-11   3.94774451e-12
   5.73852939e-13   2.91539309e-11   1.74584011e-11   2.34080886e-11
   3.60933597e-12   5.96005339e-13   2.99396223e-01   2.70567046e-01
   2.61514147e-01   1.44510095e-01   2.40124890e-02   2.01869761e-01
   1.68808867e-01   2.24486067e-01   1.06860152e-01   2.54425330e-02
   5.15977907e+00   5.67302930e-02   1.03003848e+01   1.04222066e-01]
[  6.76372850e-12   2.91498567e-12   1.26419086e-11   5.10406288e-12
   1.99509484e-12   1.11946048e-11   2.46052135e-12   1.99887877e-11
   5.96678458e-12   3.66363778e-12   2.52645168e-01   1.31610472e-01
   3.59936816e-01   1.90548708e-01   6.52588369e-02   1.84226739e-01
   9.54738867e-02   2.30928458e-01   1.12295716e-01   6.95137796e-02
   5.16974337e+00   5.00622899e-02   1.03177566e+01   7.94096937e-02]
[  1.71076884e-11   2.27676119e-12   1.09330154e-11   3.66800887e-12
   1.61884618e-12   4.26696852e-11   3.74679486e-12   1.19426354e-11
   3.05680413e-12   2.16143954e-12   3.39353318e-01   7.52292530e-02
   3.64420885e-01   1.50153219e-01   7.08433246e-02   2.30254910e-01
   6.14858247e-02   2.27366252e-01   8.29564294e-02   7.25826708e-02
   5.15952187e+00   6.78409577e-02   1.03321021e+01   8.82863173e-02]
[  1.45870695e-11   2.02999682e-12   1.77525131e-11   7.89664809e-12
   6.01888744e-12   3.85370717e-11   2.09928964e-12   1.88591004e-11
   8.66877434e-12   2.02160742e-11   2.26323699e-01   5.48102067e-02
   3.89341544e-01   2.04714045e-01   1.24810506e-01   1.82984547e-01
   4.90818510e-02   2.29034984e-01   1.19599474e-01   1.10279953e-01
   5.17433678e+00   5.31743693e-02   1.03513064e+01   7.60450836e-02]
[  1.01441415e-10   2.35543359e-11   1.91658067e-11   1.98487035e-11
   1.19457644e-11   4.32036819e-10   5.61894163e-11   3.71023500e-11
   3.26983356e-11   1.28612913e-11   3.40921493e-01   1.51001732e-01
   1.39099388e-01   1.74119458e-01   1.94857929e-01   2.02953828e-01
   9.23066377e-02   7.17671692e-02   8.76058589e-02   1.47394238e-01
   5.20827284e+00   5.78897836e-02   1.04351082e+01   7.78294245e-02]
[  1.41461879e-11   2.56323694e-12   2.03306546e-12   2.50948959e-12
   1.77538831e-12   3.79843950e-11   3.00476146e-12   2.07530646e-12
   2.35300887e-12   1.93252068e-12   4.53338874e-01   1.50932334e-01
   1.24730375e-01   1.58357683e-01   1.12640734e-01   2.28565007e-01
   1.03801552e-01   9.32343164e